iid,Q1,Q2,Q3,pop,region
ME202,0.021789,0.978201,0.000010,Elves2,Elves
ME309,0.000010,0.999980,0.000010,Elves2,Elves
ME213,0.000010,0.999980,0.000010,Elves3,Elves
ME203,0.000010,0.988415,0.011575,Elves2,Elves
ME310,0.006710,0.993280,0.000010,Elves2,Elves
ME214,0.000010,0.966603,0.033387,Elves3,Elves
ME223,0.000010,0.999980,0.000010,Elves3,Elves
ME378,0.021678,0.944651,0.033671,Elves1,Elves
ME224,0.000010,0.999980,0.000010,Elves3,Elves
ME379,0.059092,0.835193,0.105715,Elves1,Elves
ME204,0.000011,0.999979,0.000010,Elves2,Elves
ME311,0.000010,0.999980,0.000010,Elves2,Elves
ME215,0.000010,0.997462,0.002528,Elves3,Elves
ME225,0.000010,0.999980,0.000010,Elves3,Elves
ME380,0.003532,0.907734,0.088734,Elves1,Elves
ME205,0.000010,0.999980,0.000010,Elves2,Elves
ME312,0.000010,0.999980,0.000010,Elves2,Elves
ME216,0.000010,0.999980,0.000010,Elves3,Elves
ME226,0.000010,0.999980,0.000010,Elves3,Elves
ME206,0.007081,0.992909,0.000010,Elves2,Elves
ME313,0.005727,0.994263,0.000010,Elves2,Elves
ME217,0.000010,0.992786,0.007204,Elves3,Elves
ME227,0.000010,0.999980,0.000010,Elves3,Elves
ME381,0.003478,0.843095,0.153428,Elves1,Elves
ME195,0.000010,0.999980,0.000010,Elves2,Elves
ME209,0.000010,0.999980,0.000010,Elves3,Elves
ME218,0.000010,0.999980,0.000010,Elves3,Elves
ME228,0.000010,0.999980,0.000010,Elves3,Elves
ME382,0.128217,0.808821,0.062963,Elves1,Elves
ME219,0.000010,0.999980,0.000010,Elves3,Elves
ME196,0.000010,0.999980,0.000010,Elves2,Elves
ME207,0.000010,0.999980,0.000010,Elves2,Elves
ME229,0.000010,0.979589,0.020401,Elves3,Elves
ME383,0.108293,0.829139,0.062568,Elves1,Elves
ME198,0.000010,0.999980,0.000010,Elves2,Elves
ME221,0.000010,0.999980,0.000010,Elves3,Elves
ME385,0.009618,0.913556,0.076827,Elves1,Elves
ME197,0.000010,0.999980,0.000010,Elves2,Elves
ME208,0.029316,0.970674,0.000010,Elves2,Elves
ME220,0.000010,0.999980,0.000010,Elves3,Elves
ME199,0.000010,0.999980,0.000010,Elves2,Elves
ME306,0.000010,0.999980,0.000010,Elves2,Elves
ME210,0.000010,0.991009,0.008981,Elves3,Elves
ME222,0.000010,0.999980,0.000010,Elves3,Elves
ME200,0.000010,0.999980,0.000010,Elves2,Elves
ME307,0.000010,0.999980,0.000010,Elves2,Elves
ME211,0.000010,0.975476,0.024514,Elves3,Elves
ME201,0.000010,0.999980,0.000010,Elves2,Elves
ME212,0.000010,0.999980,0.000010,Elves3,Elves
ME308,0.000010,0.999980,0.000010,Elves2,Elves
ME376,0.015796,0.888707,0.095497,Elves1,Elves
ME386,0.000010,0.925524,0.074466,Elves1,Elves
ME384,0.000388,0.906396,0.093216,Elves1,Elves
ME377,0.019455,0.907410,0.073134,Elves1,Elves
ME699,0.031875,0.153252,0.814873,Half_Elven1,Half_Elven
ME700,0.023905,0.144058,0.832037,Half_Elven1,Half_Elven
ME701,0.039117,0.165690,0.795193,Half_Elven1,Half_Elven
ME702,0.034661,0.246301,0.719037,Half_Elven1,Half_Elven
ME703,0.024567,0.209032,0.766401,Half_Elven1,Half_Elven
ME704,0.043512,0.180584,0.775903,Half_Elven1,Half_Elven
ME705,0.047114,0.141853,0.811033,Half_Elven1,Half_Elven
ME706,0.040180,0.208746,0.751074,Half_Elven1,Half_Elven
ME707,0.000010,0.280828,0.719162,Half_Elven1,Half_Elven
ME708,0.002304,0.164961,0.832736,Half_Elven1,Half_Elven
ME709,0.030100,0.155600,0.814300,Half_Elven1,Half_Elven
ME710,0.018262,0.201518,0.780219,Half_Elven1,Half_Elven
ME711,0.030014,0.142446,0.827540,Half_Elven1,Half_Elven
ME712,0.035398,0.195353,0.769250,Half_Elven1,Half_Elven
ME713,0.026960,0.172626,0.800414,Half_Elven1,Half_Elven
ME714,0.042249,0.151736,0.806015,Half_Elven1,Half_Elven
ME715,0.042698,0.211567,0.745735,Half_Elven1,Half_Elven
ME716,0.027871,0.146904,0.825225,Half_Elven1,Half_Elven
ME717,0.050252,0.057614,0.892134,Half_Elven1,Half_Elven
ME718,0.055570,0.031223,0.913207,Half_Elven1,Half_Elven
ME719,0.098928,0.023384,0.877687,Half_Elven1,Half_Elven
ME720,0.062665,0.020004,0.917331,Half_Elven1,Half_Elven
ME721,0.054804,0.031008,0.914188,Half_Elven1,Half_Elven
ME722,0.030301,0.126003,0.843696,Half_Elven1,Half_Elven
ME723,0.000969,0.081794,0.917237,Half_Elven1,Half_Elven
ME724,0.000010,0.109126,0.890864,Half_Elven1,Half_Elven
ME725,0.030990,0.196795,0.772215,Half_Elven1,Half_Elven
ME726,0.003945,0.018476,0.977579,Half_Elven1,Half_Elven
ME727,0.000010,0.018942,0.981048,Half_Elven1,Half_Elven
ME728,0.000010,0.023715,0.976275,Half_Elven1,Half_Elven
ME729,0.000010,0.022619,0.977371,Half_Elven1,Half_Elven
ME730,0.000010,0.029645,0.970345,Half_Elven1,Half_Elven
ME731,0.062330,0.060226,0.877444,Half_Elven1,Half_Elven
ME732,0.000010,0.086010,0.913980,Half_Elven1,Half_Elven
ME733,0.000010,0.075306,0.924684,Half_Elven1,Half_Elven
ME734,0.000010,0.145455,0.854535,Half_Elven1,Half_Elven
ME735,0.000010,0.183803,0.816187,Half_Elven1,Half_Elven
ME736,0.000010,0.065101,0.934889,Half_Elven1,Half_Elven
ME737,0.000010,0.068472,0.931518,Half_Elven1,Half_Elven
ME738,0.000010,0.085872,0.914118,Half_Elven1,Half_Elven
ME739,0.000010,0.000010,0.999980,Half_Elven1,Half_Elven
ME740,0.000010,0.018475,0.981515,Half_Elven1,Half_Elven
ME741,0.000010,0.144655,0.855335,Half_Elven1,Half_Elven
ME742,0.000010,0.181556,0.818434,Half_Elven1,Half_Elven
ME743,0.051490,0.192515,0.755995,Half_Elven1,Half_Elven
ME744,0.046122,0.000010,0.953868,Half_Elven1,Half_Elven
ME745,0.015911,0.151662,0.832427,Half_Elven1,Half_Elven
ME746,0.000010,0.005790,0.994200,Half_Elven1,Half_Elven
ME747,0.034961,0.000010,0.965029,Half_Elven1,Half_Elven
ME748,0.008622,0.000010,0.991368,Half_Elven1,Half_Elven
ME749,0.030432,0.222044,0.747524,Half_Elven1,Half_Elven
ME750,0.023266,0.133953,0.842781,Half_Elven1,Half_Elven
ME751,0.003620,0.100050,0.896330,Half_Elven1,Half_Elven
ME752,0.016640,0.114471,0.868889,Half_Elven1,Half_Elven
ME753,0.036306,0.049577,0.914117,Half_Elven1,Half_Elven
ME754,0.029170,0.060045,0.910785,Half_Elven1,Half_Elven
ME755,0.028339,0.000010,0.971651,Half_Elven1,Half_Elven
ME756,0.018045,0.092704,0.889251,Half_Elven1,Half_Elven
ME757,0.034646,0.036680,0.928674,Half_Elven1,Half_Elven
ME758,0.028030,0.075193,0.896777,Half_Elven1,Half_Elven
ME759,0.054596,0.108994,0.836409,Half_Elven1,Half_Elven
ME760,0.001946,0.116063,0.881992,Half_Elven1,Half_Elven
ME761,0.109476,0.226984,0.663540,Half_Elven1,Half_Elven
ME762,0.000010,0.317732,0.682258,Half_Elven1,Half_Elven
ME763,0.017528,0.188518,0.793954,Half_Elven1,Half_Elven
ME764,0.011326,0.015620,0.973054,Half_Elven1,Half_Elven
ME765,0.088048,0.066123,0.845829,Half_Elven1,Half_Elven
ME766,0.011484,0.023924,0.964592,Half_Elven1,Half_Elven
ME767,0.007627,0.000010,0.992363,Half_Elven1,Half_Elven
ME655,0.999980,0.000010,0.000010,Dwarves1,Dwarves
ME656,0.858983,0.055830,0.085187,Dwarves1,Dwarves
ME657,0.841790,0.140890,0.017320,Dwarves1,Dwarves
ME658,0.821572,0.100463,0.077965,Dwarves1,Dwarves
ME663,0.837290,0.096221,0.066489,Dwarves1,Dwarves
ME664,0.853012,0.077459,0.069530,Dwarves1,Dwarves
ME665,0.802821,0.106904,0.090275,Dwarves1,Dwarves
ME666,0.962779,0.003304,0.033917,Dwarves1,Dwarves
ME695,0.863223,0.081007,0.055769,Dwarves1,Dwarves
ME696,0.753202,0.063324,0.183474,Dwarves1,Dwarves
ME697,0.937118,0.062872,0.000010,Dwarves1,Dwarves
ME698,0.896100,0.028889,0.075011,Dwarves1,Dwarves
ME643,0.898763,0.052219,0.049018,Dwarves1,Dwarves
ME644,0.926909,0.035942,0.037149,Dwarves1,Dwarves
ME645,0.896477,0.052972,0.050551,Dwarves1,Dwarves
ME646,0.839316,0.047835,0.112848,Dwarves1,Dwarves
ME687,0.915371,0.021907,0.062721,Dwarves1,Dwarves
ME688,0.890953,0.109037,0.000010,Dwarves1,Dwarves
ME689,0.882184,0.012388,0.105427,Dwarves1,Dwarves
ME690,0.694117,0.204913,0.100970,Dwarves1,Dwarves
ME671,0.885065,0.050846,0.064088,Dwarves1,Dwarves
ME672,0.922694,0.062531,0.014775,Dwarves1,Dwarves
ME673,0.913864,0.085270,0.000866,Dwarves1,Dwarves
ME674,0.843701,0.072710,0.083589,Dwarves1,Dwarves
ME691,0.996625,0.003365,0.000010,Dwarves1,Dwarves
ME692,0.999980,0.000010,0.000010,Dwarves1,Dwarves
ME693,0.999980,0.000010,0.000010,Dwarves1,Dwarves
ME694,0.999980,0.000010,0.000010,Dwarves1,Dwarves
ME659,0.953418,0.046572,0.000010,Dwarves1,Dwarves
ME660,0.882111,0.020602,0.097288,Dwarves1,Dwarves
ME661,0.946548,0.053442,0.000010,Dwarves1,Dwarves
ME662,0.886014,0.113976,0.000010,Dwarves1,Dwarves
ME679,0.875345,0.036482,0.088173,Dwarves1,Dwarves
ME680,0.848762,0.129946,0.021293,Dwarves1,Dwarves
ME681,0.891744,0.032469,0.075786,Dwarves1,Dwarves
ME682,0.915227,0.010906,0.073867,Dwarves1,Dwarves
ME639,0.022448,0.763414,0.214138,Dwarves1,Dwarves
ME640,0.985471,0.000010,0.014519,Dwarves1,Dwarves
ME641,0.880661,0.086985,0.032353,Dwarves1,Dwarves
ME642,0.999980,0.000010,0.000010,Dwarves1,Dwarves
ME635,0.982644,0.000010,0.017346,Dwarves1,Dwarves
ME636,0.919356,0.080634,0.000010,Dwarves1,Dwarves
ME637,0.868996,0.005921,0.125083,Dwarves1,Dwarves
ME638,0.895205,0.041442,0.063353,Dwarves1,Dwarves
ME651,0.912022,0.085687,0.002291,Dwarves1,Dwarves
ME652,0.881450,0.036125,0.082425,Dwarves1,Dwarves
ME653,0.894782,0.040520,0.064698,Dwarves1,Dwarves
ME654,0.946579,0.000010,0.053411,Dwarves1,Dwarves
ME667,0.881086,0.011351,0.107563,Dwarves1,Dwarves
ME668,0.945176,0.054814,0.000010,Dwarves1,Dwarves
ME669,0.828713,0.114697,0.056590,Dwarves1,Dwarves
ME670,0.870866,0.052195,0.076939,Dwarves1,Dwarves
ME675,0.874013,0.097717,0.028270,Dwarves1,Dwarves
ME676,0.795855,0.092071,0.112074,Dwarves1,Dwarves
ME677,0.943727,0.042564,0.013709,Dwarves1,Dwarves
ME678,0.956294,0.043696,0.000010,Dwarves1,Dwarves
ME647,0.737880,0.136616,0.125503,Dwarves1,Dwarves
ME648,0.833509,0.090050,0.076440,Dwarves1,Dwarves
ME649,0.811834,0.118837,0.069329,Dwarves1,Dwarves
ME650,0.988663,0.011327,0.000010,Dwarves1,Dwarves
ME683,0.966198,0.024156,0.009646,Dwarves1,Dwarves
ME684,0.908030,0.019938,0.072032,Dwarves1,Dwarves
ME685,0.950713,0.049277,0.000010,Dwarves1,Dwarves
ME686,0.864421,0.076045,0.059534,Dwarves1,Dwarves
