ID	POP	REG	Pop0	Pop1	Pop2	Pop3
ME699	Half_Elven1	Half_Elven	0.005283	0.019503	0.000010	0.975204
ME700	Half_Elven1	Half_Elven	0.046380	0.008233	0.037726	0.907661
ME701	Half_Elven1	Half_Elven	0.045705	0.027052	0.046225	0.881018
ME702	Half_Elven1	Half_Elven	0.061719	0.008384	0.036453	0.893444
ME703	Half_Elven1	Half_Elven	0.004935	0.035664	0.013786	0.945615
ME704	Half_Elven1	Half_Elven	0.053139	0.031909	0.071709	0.843244
ME705	Half_Elven1	Half_Elven	0.032946	0.049564	0.018460	0.899030
ME706	Half_Elven1	Half_Elven	0.041072	0.035021	0.045112	0.878794
ME707	Half_Elven1	Half_Elven	0.068061	0.017655	0.003266	0.911018
ME708	Half_Elven1	Half_Elven	0.053975	0.054763	0.044015	0.847247
ME709	Half_Elven1	Half_Elven	0.000010	0.037247	0.026465	0.936278
ME710	Half_Elven1	Half_Elven	0.027332	0.007860	0.000010	0.964798
ME711	Half_Elven1	Half_Elven	0.018663	0.000010	0.022055	0.959272
ME712	Half_Elven1	Half_Elven	0.045676	0.038537	0.011065	0.904722
ME713	Half_Elven1	Half_Elven	0.075578	0.038750	0.000010	0.885662
ME714	Half_Elven1	Half_Elven	0.067385	0.063581	0.010762	0.858272
ME715	Half_Elven1	Half_Elven	0.022059	0.020256	0.017330	0.940355
ME716	Half_Elven1	Half_Elven	0.045473	0.000010	0.028223	0.926294
ME717	Half_Elven1	Half_Elven	0.034890	0.024554	0.021761	0.918795
ME718	Half_Elven1	Half_Elven	0.003033	0.015607	0.000010	0.981349
ME719	Half_Elven1	Half_Elven	0.010463	0.061586	0.031080	0.896871
ME720	Half_Elven1	Half_Elven	0.045953	0.001635	0.026566	0.925845
ME721	Half_Elven1	Half_Elven	0.010687	0.025821	0.012006	0.951486
ME722	Half_Elven1	Half_Elven	0.056568	0.059506	0.022856	0.861070
ME723	Half_Elven1	Half_Elven	0.079040	0.118463	0.068089	0.734407
ME724	Half_Elven1	Half_Elven	0.050536	0.079421	0.079156	0.790886
ME725	Half_Elven1	Half_Elven	0.100367	0.048698	0.080408	0.770527
ME726	Half_Elven1	Half_Elven	0.059587	0.019091	0.054520	0.866802
ME727	Half_Elven1	Half_Elven	0.094299	0.098281	0.139869	0.667551
ME728	Half_Elven1	Half_Elven	0.091077	0.072652	0.040839	0.795432
ME729	Half_Elven1	Half_Elven	0.000010	0.999970	0.000010	0.000010
ME730	Half_Elven1	Half_Elven	0.000010	0.999970	0.000010	0.000010
ME731	Half_Elven1	Half_Elven	0.071451	0.032344	0.092808	0.803397
ME732	Half_Elven1	Half_Elven	0.000010	0.000010	0.999970	0.000010
ME733	Half_Elven1	Half_Elven	0.000010	0.000010	0.999970	0.000010
ME734	Half_Elven1	Half_Elven	0.070259	0.041790	0.181626	0.706324
ME735	Half_Elven1	Half_Elven	0.007345	0.066929	0.168720	0.757005
ME736	Half_Elven1	Half_Elven	0.122717	0.174277	0.131207	0.571800
ME737	Half_Elven1	Half_Elven	0.067582	0.089301	0.088244	0.754873
ME738	Half_Elven1	Half_Elven	0.999970	0.000010	0.000010	0.000010
ME739	Half_Elven1	Half_Elven	0.999970	0.000010	0.000010	0.000010
ME740	Half_Elven1	Half_Elven	0.328965	0.022939	0.070917	0.577179
ME741	Half_Elven1	Half_Elven	0.077855	0.089214	0.049545	0.783387
ME742	Half_Elven1	Half_Elven	0.080074	0.089970	0.039848	0.790109
ME743	Half_Elven1	Half_Elven	0.144366	0.034453	0.033335	0.787846
ME744	Half_Elven1	Half_Elven	0.037721	0.021368	0.021953	0.918957
ME745	Half_Elven1	Half_Elven	0.026831	0.029849	0.087729	0.855590
ME746	Half_Elven1	Half_Elven	0.012779	0.042050	0.084871	0.860299
ME747	Half_Elven1	Half_Elven	0.000010	0.000010	0.000010	0.999970
ME748	Half_Elven1	Half_Elven	0.000010	0.009302	0.000010	0.990678
ME749	Half_Elven1	Half_Elven	0.020035	0.054629	0.043477	0.881858
ME750	Half_Elven1	Half_Elven	0.055640	0.016838	0.026031	0.901490
ME751	Half_Elven1	Half_Elven	0.042969	0.000262	0.004652	0.952117
ME752	Half_Elven1	Half_Elven	0.034666	0.024172	0.112170	0.828992
ME753	Half_Elven1	Half_Elven	0.031189	0.059739	0.082807	0.826264
ME754	Half_Elven1	Half_Elven	0.060954	0.008348	0.064252	0.866446
ME755	Half_Elven1	Half_Elven	0.043727	0.038240	0.000010	0.918023
ME756	Half_Elven1	Half_Elven	0.029067	0.021562	0.064293	0.885078
ME757	Half_Elven1	Half_Elven	0.011380	0.000010	0.095895	0.892714
ME758	Half_Elven1	Half_Elven	0.039892	0.057072	0.024364	0.878672
ME759	Half_Elven1	Half_Elven	0.000680	0.028377	0.032179	0.938764
ME760	Half_Elven1	Half_Elven	0.029092	0.000010	0.131854	0.839045
ME761	Half_Elven1	Half_Elven	0.075451	0.000010	0.105292	0.819246
ME762	Half_Elven1	Half_Elven	0.037878	0.014623	0.034000	0.913499
ME763	Half_Elven1	Half_Elven	0.016999	0.022461	0.070584	0.889956
ME764	Half_Elven1	Half_Elven	0.044710	0.023342	0.019358	0.912590
ME765	Half_Elven1	Half_Elven	0.031170	0.014698	0.029380	0.924751
ME766	Half_Elven1	Half_Elven	0.072277	0.028850	0.045774	0.853099
ME767	Half_Elven1	Half_Elven	0.051045	0.014847	0.047175	0.886933
