ID	POP	REG	Pop0	Pop1	Pop2	Pop3	Pop4	Pop5	Pop6	Pop7
ME202	Elves2	Elves	0.006793	0.004320	0.000010	0.967850	0.017169	0.003838	0.000010	0.000010
ME309	Elves2	Elves	0.000010	0.000010	0.000010	0.999930	0.000010	0.000010	0.000010	0.000010
ME213	Elves3	Elves	0.000010	0.000010	0.000010	0.984258	0.000010	0.000010	0.000010	0.015682
ME203	Elves2	Elves	0.000010	0.000010	0.000010	0.999930	0.000010	0.000010	0.000010	0.000010
ME310	Elves2	Elves	0.006890	0.000010	0.000010	0.993050	0.000010	0.000010	0.000010	0.000010
ME214	Elves3	Elves	0.000010	0.000010	0.000010	0.955740	0.000010	0.000010	0.000010	0.044200
ME223	Elves3	Elves	0.000010	0.000010	0.000010	0.992791	0.000010	0.000010	0.000010	0.007149
ME378	Elves1	Elves	0.000010	0.035057	0.000010	0.867429	0.000010	0.000010	0.000010	0.097464
ME6	Giants2	Giants	0.810032	0.079599	0.000010	0.000010	0.000010	0.079916	0.030413	0.000010
ME18	Giants2	Giants	0.754307	0.119062	0.037760	0.030239	0.000010	0.049973	0.008638	0.000010
ME30	Giants1	Giants	0.746750	0.067106	0.056627	0.033129	0.035506	0.044698	0.016175	0.000010
ME42	Giants1	Giants	0.735230	0.084064	0.074325	0.000010	0.088226	0.000010	0.000010	0.018125
ME224	Elves3	Elves	0.000010	0.000010	0.000010	0.999930	0.000010	0.000010	0.000010	0.000010
ME379	Elves1	Elves	0.000010	0.071363	0.000010	0.870392	0.000010	0.000010	0.000010	0.058195
ME7	Giants2	Giants	0.528294	0.124254	0.000010	0.171001	0.000010	0.013265	0.034303	0.128862
ME19	Giants2	Giants	0.766154	0.106335	0.063126	0.024617	0.000010	0.008073	0.031674	0.000010
ME31	Giants1	Giants	0.631890	0.144345	0.007440	0.123696	0.000010	0.044893	0.003927	0.043797
ME204	Elves2	Elves	0.000010	0.002670	0.000010	0.997270	0.000010	0.000010	0.000010	0.000010
ME311	Elves2	Elves	0.000010	0.000010	0.000010	0.999930	0.000010	0.000010	0.000010	0.000010
ME215	Elves3	Elves	0.000010	0.000010	0.000010	0.999930	0.000010	0.000010	0.000010	0.000010
ME225	Elves3	Elves	0.000010	0.000010	0.000010	0.999930	0.000010	0.000010	0.000010	0.000010
ME380	Elves1	Elves	0.000010	0.018593	0.000010	0.897058	0.000010	0.004380	0.000010	0.079930
ME205	Elves2	Elves	0.000010	0.000010	0.000010	0.977906	0.000010	0.003154	0.018890	0.000010
ME312	Elves2	Elves	0.000010	0.000010	0.000010	0.997594	0.002346	0.000010	0.000010	0.000010
ME216	Elves3	Elves	0.000010	0.000010	0.000010	0.987190	0.000010	0.000010	0.000010	0.012750
ME226	Elves3	Elves	0.000010	0.000010	0.000010	0.999930	0.000010	0.000010	0.000010	0.000010
ME206	Elves2	Elves	0.000010	0.000010	0.000010	0.991133	0.000010	0.008807	0.000010	0.000010
ME313	Elves2	Elves	0.000010	0.000010	0.000010	0.998087	0.000010	0.000010	0.001853	0.000010
ME217	Elves3	Elves	0.000010	0.000010	0.000010	0.999930	0.000010	0.000010	0.000010	0.000010
ME227	Elves3	Elves	0.000010	0.000010	0.000010	0.999930	0.000010	0.000010	0.000010	0.000010
ME381	Elves1	Elves	0.000010	0.000010	0.000010	0.852245	0.000010	0.000010	0.003791	0.143914
ME195	Elves2	Elves	0.000010	0.000010	0.000010	0.999930	0.000010	0.000010	0.000010	0.000010
ME209	Elves3	Elves	0.000010	0.000010	0.000010	0.983060	0.000010	0.000010	0.000010	0.016880
ME218	Elves3	Elves	0.000010	0.000010	0.000010	0.999930	0.000010	0.000010	0.000010	0.000010
ME228	Elves3	Elves	0.000010	0.000010	0.000010	0.999930	0.000010	0.000010	0.000010	0.000010
ME382	Elves1	Elves	0.000010	0.117397	0.000010	0.805761	0.000010	0.000010	0.000010	0.076792
ME219	Elves3	Elves	0.000010	0.000010	0.000010	0.996006	0.000010	0.000010	0.000010	0.003934
ME196	Elves2	Elves	0.000010	0.015145	0.000010	0.984795	0.000010	0.000010	0.000010	0.000010
ME207	Elves2	Elves	0.000010	0.000010	0.000010	0.978146	0.000010	0.013199	0.008605	0.000010
ME229	Elves3	Elves	0.000010	0.000010	0.000010	0.993815	0.000010	0.006125	0.000010	0.000010
ME383	Elves1	Elves	0.000010	0.091592	0.000010	0.782087	0.000010	0.000010	0.006301	0.119980
ME198	Elves2	Elves	0.000010	0.000010	0.000010	0.999930	0.000010	0.000010	0.000010	0.000010
ME221	Elves3	Elves	0.000010	0.000010	0.000010	0.999930	0.000010	0.000010	0.000010	0.000010
ME385	Elves1	Elves	0.000010	0.031405	0.000010	0.968535	0.000010	0.000010	0.000010	0.000010
ME197	Elves2	Elves	0.000010	0.000010	0.000010	0.999930	0.000010	0.000010	0.000010	0.000010
ME208	Elves2	Elves	0.000010	0.000010	0.000010	0.980857	0.000010	0.000010	0.019083	0.000010
ME220	Elves3	Elves	0.000010	0.000010	0.000010	0.932216	0.000010	0.000010	0.000010	0.067724
ME1	Giants2	Giants	0.767340	0.091278	0.045208	0.027304	0.045771	0.023079	0.000010	0.000010
ME13	Giants2	Giants	0.767471	0.089125	0.015883	0.000010	0.047076	0.028495	0.020859	0.031081
ME25	Giants2	Giants	0.743127	0.107085	0.030810	0.010089	0.048610	0.060255	0.000015	0.000010
ME37	Giants1	Giants	0.826626	0.055866	0.057029	0.000010	0.000010	0.000010	0.056118	0.004330
ME48	Giants1	Giants	0.773689	0.043917	0.036187	0.028182	0.039295	0.018233	0.060488	0.000010
ME199	Elves2	Elves	0.000010	0.000010	0.000010	0.999930	0.000010	0.000010	0.000010	0.000010
ME306	Elves2	Elves	0.000010	0.000010	0.000010	0.984461	0.000010	0.000010	0.015479	0.000010
ME210	Elves3	Elves	0.000010	0.000010	0.000010	0.964173	0.000010	0.000010	0.000010	0.035767
ME222	Elves3	Elves	0.000010	0.000010	0.000010	0.999930	0.000010	0.000010	0.000010	0.000010
ME3	Giants2	Giants	0.794581	0.105494	0.000959	0.000288	0.000010	0.080673	0.017985	0.000010
ME15	Giants2	Giants	0.573040	0.058667	0.059221	0.127177	0.035682	0.000010	0.059135	0.087067
ME27	Giants1	Giants	0.752352	0.192851	0.000010	0.000010	0.008024	0.046732	0.000010	0.000010
ME39	Giants1	Giants	0.615975	0.110668	0.000010	0.105503	0.034869	0.053363	0.066859	0.012754
ME200	Elves2	Elves	0.000010	0.000010	0.000010	0.989789	0.000010	0.000010	0.010151	0.000010
ME307	Elves2	Elves	0.000010	0.000010	0.000010	0.999930	0.000010	0.000010	0.000010	0.000010
ME211	Elves3	Elves	0.000010	0.000010	0.000010	0.999930	0.000010	0.000010	0.000010	0.000010
ME4	Giants2	Giants	0.765551	0.000010	0.101689	0.009937	0.049606	0.001420	0.071777	0.000010
ME16	Giants2	Giants	0.787815	0.046712	0.000010	0.020990	0.000010	0.069823	0.072771	0.001868
ME28	Giants1	Giants	0.732621	0.028879	0.078303	0.000010	0.061629	0.060060	0.007521	0.030977
ME40	Giants1	Giants	0.731273	0.098876	0.000010	0.049149	0.031805	0.039417	0.040784	0.008686
ME201	Elves2	Elves	0.000010	0.000010	0.000010	0.986531	0.000010	0.000010	0.013409	0.000010
ME212	Elves3	Elves	0.000010	0.000010	0.000010	0.993332	0.000010	0.000010	0.000010	0.006608
ME8	Giants2	Giants	0.764734	0.125919	0.050787	0.000010	0.000010	0.009101	0.049429	0.000010
ME20	Giants2	Giants	0.719987	0.089585	0.094268	0.019922	0.037677	0.008849	0.000010	0.029703
ME32	Giants1	Giants	0.722116	0.105451	0.036613	0.048068	0.039560	0.016002	0.032180	0.000010
ME43	Giants1	Giants	0.777828	0.082759	0.011890	0.000010	0.012009	0.058055	0.042591	0.014858
ME9	Giants2	Giants	0.813305	0.059125	0.029384	0.008648	0.014463	0.020422	0.054643	0.000010
ME21	Giants2	Giants	0.738592	0.023445	0.084733	0.000010	0.091424	0.000010	0.031566	0.030221
ME33	Giants1	Giants	0.781857	0.038852	0.000010	0.033889	0.028360	0.046421	0.070601	0.000010
ME44	Giants1	Giants	0.764328	0.071776	0.040038	0.000010	0.006808	0.042402	0.074628	0.000010
ME51	Giants3	Giants	0.731368	0.118916	0.034749	0.000010	0.031495	0.000010	0.029971	0.053482
ME63	Giants3	Giants	0.663706	0.138313	0.000010	0.037240	0.066028	0.067520	0.027174	0.000010
ME75	Giants5	Giants	0.799788	0.000010	0.000010	0.053317	0.000010	0.113153	0.033702	0.000010
ME87	Giants5	Giants	0.734481	0.023352	0.136927	0.008106	0.073190	0.002897	0.000010	0.021037
ME98	Giants5	Giants	0.728060	0.021837	0.110487	0.000010	0.052000	0.016392	0.035066	0.036149
ME109	Giants4	Giants	0.621470	0.034194	0.059950	0.000010	0.115605	0.112389	0.046351	0.010030
ME121	Giants4	Giants	0.701280	0.080737	0.111134	0.000010	0.101587	0.000010	0.005232	0.000010
ME233	Hobbits3	Hobbits	0.000010	0.000010	0.999930	0.000010	0.000010	0.000010	0.000010	0.000010
ME174	Hobbits3	Hobbits	0.007120	0.010731	0.899444	0.000010	0.000010	0.077043	0.005632	0.000010
ME192	Hobbits3	Hobbits	0.000010	0.000010	0.857094	0.000010	0.000010	0.142846	0.000010	0.000010
ME318	Hobbits3	Hobbits	0.000010	0.000010	0.952128	0.000010	0.000010	0.028889	0.018933	0.000010
ME10	Giants2	Giants	0.712268	0.168519	0.073988	0.023910	0.003710	0.000010	0.011709	0.005886
ME22	Giants2	Giants	0.698731	0.106499	0.000010	0.035712	0.039554	0.076793	0.029850	0.012851
ME34	Giants1	Giants	0.800501	0.074019	0.055589	0.000010	0.010744	0.000010	0.048774	0.010352
ME45	Giants1	Giants	0.724527	0.000010	0.067743	0.000010	0.057998	0.017222	0.082495	0.049996
ME52	Giants3	Giants	0.699451	0.147694	0.059570	0.036366	0.021771	0.000010	0.035127	0.000010
ME64	Giants3	Giants	0.739324	0.049021	0.033759	0.037115	0.056609	0.020979	0.049455	0.013736
ME76	Giants5	Giants	0.689728	0.070513	0.132387	0.022485	0.017954	0.026326	0.010666	0.029941
ME88	Giants5	Giants	0.694734	0.000010	0.059088	0.033609	0.089131	0.089246	0.034172	0.000010
ME99	Giants4	Giants	0.650135	0.061287	0.061512	0.003632	0.111398	0.075288	0.036738	0.000010
ME110	Giants4	Giants	0.681347	0.001824	0.033864	0.000010	0.059704	0.120144	0.037145	0.065961
ME122	Giants4	Giants	0.767721	0.000010	0.080090	0.000010	0.055429	0.033525	0.050331	0.012885
ME241	Hobbits3	Hobbits	0.000010	0.000010	0.901393	0.000010	0.000010	0.098547	0.000010	0.000010
ME175	Hobbits3	Hobbits	0.000010	0.000010	0.856613	0.000010	0.004862	0.138475	0.000010	0.000010
ME193	Hobbits3	Hobbits	0.000010	0.000010	0.922955	0.000010	0.000010	0.068360	0.008634	0.000010
ME319	Hobbits3	Hobbits	0.001245	0.000010	0.976054	0.000010	0.000010	0.000010	0.022651	0.000010
ME11	Giants2	Giants	0.773203	0.023815	0.000010	0.050147	0.062259	0.047893	0.033897	0.008777
ME23	Giants2	Giants	0.763227	0.089365	0.054297	0.000010	0.016180	0.000010	0.056013	0.020898
ME35	Giants1	Giants	0.672115	0.060555	0.119180	0.000010	0.051889	0.000010	0.056011	0.040230
ME46	Giants1	Giants	0.762772	0.109966	0.097997	0.000010	0.000010	0.005525	0.000010	0.023710
ME53	Giants3	Giants	0.680981	0.147869	0.032237	0.046375	0.000010	0.033251	0.047914	0.011363
ME65	Giants3	Giants	0.669854	0.033066	0.101439	0.072938	0.081444	0.000010	0.013273	0.027976
ME77	Giants5	Giants	0.702435	0.000010	0.011953	0.038433	0.055245	0.143510	0.048405	0.000010
ME89	Giants5	Giants	0.706859	0.051665	0.034392	0.000010	0.104945	0.097618	0.004500	0.000010
ME100	Giants4	Giants	0.627582	0.164883	0.111884	0.000555	0.093927	0.000010	0.001149	0.000010
ME111	Giants4	Giants	0.779091	0.004213	0.115750	0.019821	0.012801	0.025357	0.020212	0.022753
ME5	Giants2	Giants	0.766199	0.105702	0.056352	0.000010	0.000010	0.009851	0.032574	0.029302
ME172	Hobbits3	Hobbits	0.000010	0.000010	0.960803	0.000010	0.000010	0.039137	0.000010	0.000010
ME177	Hobbits3	Hobbits	0.010770	0.000010	0.846223	0.000010	0.000010	0.142957	0.000010	0.000010
ME194	Hobbits3	Hobbits	0.000010	0.000010	0.967656	0.000010	0.000010	0.032284	0.000010	0.000010
ME320	Hobbits3	Hobbits	0.022010	0.000759	0.968751	0.007576	0.000010	0.000874	0.000010	0.000010
ME24	Giants2	Giants	0.710895	0.081874	0.023839	0.035839	0.027458	0.020906	0.049179	0.050010
ME36	Giants1	Giants	0.703937	0.000010	0.115151	0.004252	0.012763	0.092176	0.038403	0.033308
ME47	Giants1	Giants	0.711693	0.058113	0.030860	0.044943	0.087520	0.034243	0.028239	0.004390
ME54	Giants3	Giants	0.728997	0.170166	0.036440	0.010867	0.003169	0.024467	0.025884	0.000010
ME66	Giants3	Giants	0.512813	0.081870	0.000010	0.115454	0.092170	0.050502	0.032546	0.114636
ME78	Giants5	Giants	0.715440	0.029721	0.066943	0.016502	0.046366	0.070192	0.044341	0.010494
ME90	Giants5	Giants	0.745194	0.011511	0.114389	0.019281	0.045177	0.000010	0.030758	0.033679
ME101	Giants4	Giants	0.667524	0.000010	0.057624	0.020615	0.124457	0.074848	0.054911	0.000010
ME112	Giants4	Giants	0.723512	0.029502	0.000010	0.015939	0.079506	0.123186	0.028336	0.000010
ME176	Hobbits3	Hobbits	0.000010	0.000010	0.977820	0.000010	0.000010	0.022120	0.000010	0.000010
ME178	Hobbits3	Hobbits	0.000010	0.000010	0.813657	0.000010	0.000010	0.186283	0.000010	0.000010
ME232	Hobbits3	Hobbits	0.000010	0.000010	0.901557	0.000010	0.000010	0.098383	0.000010	0.000010
ME321	Hobbits3	Hobbits	0.031941	0.000013	0.895110	0.000010	0.000010	0.072896	0.000010	0.000010
ME308	Elves2	Elves	0.000010	0.000010	0.000010	0.999930	0.000010	0.000010	0.000010	0.000010
ME305	Hobbits5	Hobbits	0.000010	0.000010	0.834468	0.000010	0.000010	0.165472	0.000010	0.000010
ME304	Hobbits5	Hobbits	0.000010	0.000010	0.972330	0.000010	0.000010	0.027610	0.000010	0.000010
ME2	Giants2	Giants	0.783194	0.084327	0.050109	0.013244	0.069096	0.000010	0.000010	0.000010
ME14	Giants2	Giants	0.748700	0.084544	0.025378	0.019361	0.035359	0.033715	0.022976	0.029967
ME26	Giants1	Giants	0.807112	0.117930	0.000010	0.000010	0.000011	0.070467	0.000010	0.004450
ME38	Giants1	Giants	0.776935	0.147738	0.012577	0.007424	0.000010	0.028651	0.005723	0.020942
ME49	Giants1	Giants	0.727528	0.097752	0.044766	0.000010	0.056240	0.008887	0.000010	0.064808
ME56	Giants3	Giants	0.751838	0.098938	0.015672	0.037232	0.044575	0.026953	0.024782	0.000010
ME68	Giants3	Giants	0.657525	0.165132	0.026860	0.060779	0.036495	0.000010	0.000010	0.053189
ME80	Giants5	Giants	0.626953	0.012714	0.008836	0.133383	0.064357	0.097581	0.014478	0.041699
ME92	Giants5	Giants	0.676959	0.020115	0.059492	0.000010	0.082135	0.069135	0.024105	0.068049
ME114	Giants4	Giants	0.643475	0.050864	0.133477	0.015247	0.106804	0.015375	0.034747	0.000010
ME188	Hobbits3	Hobbits	0.000010	0.000010	0.856775	0.000010	0.000010	0.143165	0.000010	0.000010
ME182	Hobbits3	Hobbits	0.000010	0.000010	0.861672	0.000010	0.000010	0.138268	0.000010	0.000010
ME236	Hobbits3	Hobbits	0.000010	0.000010	0.916612	0.001437	0.000010	0.081900	0.000011	0.000010
ME323	Hobbits3	Hobbits	0.020614	0.000010	0.946205	0.000010	0.000010	0.000010	0.033131	0.000010
ME60	Giants3	Giants	0.752865	0.029744	0.098926	0.020485	0.026427	0.008793	0.000010	0.062750
ME72	Giants3	Giants	0.751547	0.074172	0.046724	0.011727	0.045818	0.000010	0.046860	0.023142
ME84	Giants5	Giants	0.742629	0.015670	0.021690	0.021252	0.034723	0.139477	0.024548	0.000010
ME95	Giants5	Giants	0.741111	0.063002	0.048151	0.026767	0.020841	0.073526	0.026592	0.000010
ME106	Giants4	Giants	0.670342	0.000010	0.115194	0.022755	0.081456	0.026035	0.084198	0.000010
ME118	Giants4	Giants	0.632307	0.050985	0.105775	0.006840	0.108085	0.020212	0.053448	0.022348
ME179	Hobbits3	Hobbits	0.000010	0.000010	0.904417	0.000010	0.000010	0.095523	0.000010	0.000010
ME186	Hobbits3	Hobbits	0.000010	0.000010	0.896533	0.000010	0.000010	0.103407	0.000010	0.000010
ME315	Hobbits3	Hobbits	0.008690	0.000010	0.897569	0.000010	0.011359	0.070742	0.011609	0.000010
ME301	Hobbits5	Hobbits	0.000010	0.000010	0.938716	0.000010	0.000010	0.061224	0.000010	0.000010
ME50	Giants3	Giants	0.412446	0.063441	0.000010	0.291689	0.008618	0.028341	0.029338	0.166117
ME61	Giants3	Giants	0.733871	0.174879	0.022073	0.014648	0.000010	0.032873	0.000010	0.021635
ME73	Giants3	Giants	0.713565	0.139959	0.000010	0.048011	0.022107	0.071005	0.005333	0.000010
ME85	Giants5	Giants	0.670768	0.035446	0.091923	0.000010	0.058707	0.068416	0.045892	0.028837
ME96	Giants5	Giants	0.726396	0.006121	0.156064	0.030285	0.063139	0.000010	0.017976	0.000010
ME107	Giants4	Giants	0.685324	0.020267	0.086713	0.000010	0.111261	0.058565	0.024511	0.013350
ME119	Giants4	Giants	0.673710	0.030387	0.123395	0.004949	0.104559	0.042354	0.000010	0.020636
ME180	Hobbits3	Hobbits	0.000010	0.000010	0.999627	0.000010	0.000010	0.000010	0.000313	0.000010
ME171	Hobbits3	Hobbits	0.000010	0.000010	0.905080	0.000010	0.000010	0.094860	0.000010	0.000010
ME189	Hobbits3	Hobbits	0.000010	0.000010	0.746726	0.000010	0.000010	0.253214	0.000010	0.000010
ME316	Hobbits3	Hobbits	0.016345	0.004277	0.962454	0.004323	0.000010	0.012571	0.000010	0.000010
ME302	Hobbits5	Hobbits	0.000010	0.000010	0.932351	0.000010	0.000010	0.067589	0.000010	0.000010
ME62	Giants3	Giants	0.710081	0.128870	0.016083	0.015622	0.046231	0.000010	0.009333	0.073770
ME74	Giants3	Giants	0.746452	0.148615	0.000010	0.011329	0.000010	0.043516	0.016293	0.033775
ME86	Giants5	Giants	0.721040	0.064504	0.089600	0.000010	0.068219	0.026730	0.000010	0.029887
ME97	Giants5	Giants	0.702117	0.018132	0.102743	0.000010	0.056547	0.032269	0.045583	0.042599
ME108	Giants4	Giants	0.732950	0.000010	0.034201	0.029690	0.075222	0.087858	0.040060	0.000010
ME120	Giants4	Giants	0.651816	0.059915	0.090981	0.009972	0.145009	0.022714	0.019583	0.000010
ME17	Giants2	Giants	0.823021	0.041185	0.061545	0.000010	0.017088	0.000010	0.028336	0.028805
ME231	Hobbits3	Hobbits	0.000010	0.000010	0.961404	0.000010	0.000010	0.038536	0.000010	0.000010
ME173	Hobbits3	Hobbits	0.000010	0.000010	0.900464	0.010763	0.000010	0.088722	0.000010	0.000010
ME191	Hobbits3	Hobbits	0.000010	0.000010	0.836480	0.000010	0.000010	0.163460	0.000010	0.000010
ME317	Hobbits3	Hobbits	0.053047	0.000010	0.859049	0.006896	0.000010	0.080969	0.000010	0.000010
ME303	Hobbits5	Hobbits	0.000010	0.000010	0.810223	0.003187	0.000010	0.186540	0.000010	0.000010
ME55	Giants3	Giants	0.752775	0.097180	0.000010	0.033000	0.012328	0.035163	0.026480	0.043065
ME67	Giants3	Giants	0.721650	0.148961	0.015203	0.017102	0.000010	0.070674	0.016988	0.009412
ME79	Giants5	Giants	0.697511	0.067369	0.008159	0.001216	0.064181	0.121181	0.035226	0.005157
ME91	Giants5	Giants	0.764007	0.003552	0.104860	0.037000	0.035092	0.038688	0.011918	0.004882
ME102	Giants4	Giants	0.666302	0.059788	0.051698	0.000010	0.109721	0.084838	0.026170	0.001473
ME113	Giants4	Giants	0.678914	0.092952	0.115699	0.000010	0.083119	0.000010	0.028672	0.000625
ME187	Hobbits3	Hobbits	0.000010	0.000010	0.971921	0.000010	0.000010	0.012105	0.015924	0.000010
ME181	Hobbits3	Hobbits	0.000010	0.000010	0.837082	0.000010	0.000010	0.147403	0.000010	0.015465
ME235	Hobbits3	Hobbits	0.000010	0.000010	0.907335	0.000010	0.000010	0.092605	0.000010	0.000010
ME322	Hobbits3	Hobbits	0.037821	0.000010	0.959822	0.000010	0.000010	0.000016	0.002300	0.000010
ME296	Hobbits5	Hobbits	0.000010	0.000010	0.834263	0.000010	0.000010	0.165677	0.000010	0.000010
ME325	Hobbits2	Hobbits	0.000010	0.000010	0.702293	0.000010	0.000010	0.297647	0.000010	0.000010
ME29	Giants1	Giants	0.543147	0.127675	0.021193	0.147862	0.066406	0.019735	0.027482	0.046499
ME57	Giants3	Giants	0.638746	0.158850	0.000010	0.081178	0.000010	0.018921	0.000010	0.102275
ME69	Giants3	Giants	0.794350	0.082787	0.000010	0.023004	0.022079	0.047898	0.001474	0.028397
ME81	Giants5	Giants	0.444688	0.025075	0.000010	0.300209	0.000010	0.040103	0.006879	0.183027
ME93	Giants5	Giants	0.779737	0.052964	0.000010	0.000010	0.046084	0.087886	0.033300	0.000010
ME103	Giants4	Giants	0.746821	0.000010	0.078711	0.000010	0.070105	0.064751	0.003204	0.036386
ME190	Hobbits3	Hobbits	0.000010	0.000010	0.925315	0.000010	0.000010	0.074625	0.000010	0.000010
ME183	Hobbits3	Hobbits	0.000010	0.000010	0.944716	0.000010	0.000010	0.055224	0.000010	0.000010
ME237	Hobbits3	Hobbits	0.000010	0.000010	0.950567	0.000010	0.000010	0.049373	0.000010	0.000010
ME41	Giants1	Giants	0.717237	0.171095	0.064712	0.021821	0.003342	0.001337	0.020225	0.000231
ME298	Hobbits5	Hobbits	0.000010	0.000010	0.884132	0.000010	0.000010	0.115808	0.000010	0.000010
ME327	Hobbits2	Hobbits	0.000010	0.000010	0.718298	0.000010	0.000010	0.281642	0.000010	0.000010
ME58	Giants3	Giants	0.688899	0.135210	0.077685	0.056880	0.018103	0.000010	0.000010	0.023203
ME70	Giants3	Giants	0.713848	0.178696	0.041949	0.000010	0.038268	0.006913	0.000010	0.020305
ME82	Giants5	Giants	0.717411	0.015825	0.061604	0.066515	0.000010	0.063791	0.024716	0.050127
ME94	Giants5	Giants	0.689672	0.066753	0.067059	0.000010	0.057439	0.077752	0.007281	0.034033
ME104	Giants4	Giants	0.626487	0.009608	0.154127	0.014500	0.172503	0.000010	0.022755	0.000010
ME59	Giants3	Giants	0.739777	0.030172	0.061225	0.037650	0.057664	0.005169	0.068333	0.000010
ME71	Giants3	Giants	0.709228	0.189024	0.000010	0.036248	0.000010	0.061606	0.003865	0.000010
ME83	Giants5	Giants	0.771009	0.016557	0.128146	0.000010	0.006022	0.006752	0.025222	0.046282
ME105	Giants4	Giants	0.657224	0.038954	0.034980	0.019024	0.115067	0.112932	0.021808	0.000010
ME117	Giants4	Giants	0.735956	0.000010	0.130041	0.003935	0.057691	0.000010	0.068275	0.004081
ME300	Hobbits5	Hobbits	0.000010	0.000010	0.870412	0.000010	0.000010	0.129528	0.000010	0.000010
ME299	Hobbits5	Hobbits	0.000010	0.000010	0.945614	0.000010	0.000010	0.054326	0.000010	0.000010
ME328	Hobbits2	Hobbits	0.000010	0.000010	0.685201	0.000010	0.000010	0.311813	0.000010	0.002935
ME234	Hobbits3	Hobbits	0.000010	0.000010	0.831444	0.000010	0.000010	0.168496	0.000010	0.000010
ME184	Hobbits3	Hobbits	0.000010	0.000010	0.869066	0.000010	0.000010	0.130874	0.000010	0.000010
ME324	Hobbits2	Hobbits	0.000010	0.000010	0.658379	0.000010	0.000010	0.341561	0.000010	0.000010
ME297	Hobbits5	Hobbits	0.000010	0.000010	0.859153	0.000010	0.000010	0.140787	0.000010	0.000010
ME326	Hobbits2	Hobbits	0.000010	0.000010	0.678706	0.000010	0.000010	0.321234	0.000010	0.000010
ME329	Hobbits2	Hobbits	0.000010	0.000010	0.633574	0.000010	0.000010	0.366366	0.000010	0.000010
ME340	Hobbits4	Hobbits	0.000010	0.000010	0.303326	0.000010	0.000010	0.696614	0.000010	0.000010
ME350	Hobbits6	Hobbits	0.000010	0.000010	0.930679	0.000010	0.000010	0.069261	0.000010	0.000010
ME162	Hobbits1	Hobbits	0.000010	0.002456	0.731444	0.000010	0.000010	0.248301	0.000010	0.017759
ME133	Orcs2	Orcs	0.198665	0.088614	0.000010	0.010854	0.641013	0.052742	0.008092	0.000010
ME144	Orcs2	Orcs	0.271113	0.046002	0.026086	0.008149	0.617599	0.002525	0.028516	0.000010
ME356	Orcs5	Orcs	0.103151	0.029138	0.000010	0.011588	0.743818	0.035275	0.035195	0.041825
ME367	Orcs5	Orcs	0.071859	0.000010	0.020540	0.016829	0.829335	0.000010	0.047607	0.013810
ME153	Orcs4	Orcs	0.000010	0.226580	0.000010	0.023958	0.708835	0.028093	0.007013	0.005500
ME251	Orcs4	Orcs	0.000010	0.189523	0.006282	0.000010	0.741350	0.020577	0.017022	0.025226
ME263	Orcs4	Orcs	0.000010	0.210969	0.000010	0.000010	0.726186	0.022055	0.012376	0.028385
ME292	Orcs1	Orcs	0.237385	0.118704	0.037007	0.000010	0.581753	0.000010	0.025121	0.000010
ME330	Hobbits2	Hobbits	0.000010	0.000010	0.716241	0.000010	0.000010	0.283699	0.000010	0.000010
ME351	Hobbits6	Hobbits	0.000010	0.000010	0.942991	0.000010	0.000010	0.056949	0.000010	0.000010
ME163	Hobbits1	Hobbits	0.077414	0.000010	0.461719	0.000010	0.000010	0.403139	0.000010	0.057689
ME134	Orcs2	Orcs	0.197724	0.132684	0.000010	0.000619	0.627862	0.041081	0.000010	0.000010
ME145	Orcs2	Orcs	0.200435	0.032767	0.000010	0.000010	0.676151	0.049079	0.031206	0.010342
ME357	Orcs5	Orcs	0.089059	0.000010	0.041131	0.014490	0.822657	0.004413	0.028230	0.000010
ME368	Orcs5	Orcs	0.092768	0.010520	0.035186	0.000010	0.796471	0.000010	0.033581	0.031454
ME154	Orcs4	Orcs	0.000010	0.234256	0.000010	0.008370	0.696218	0.034461	0.026665	0.000010
ME252	Orcs4	Orcs	0.000010	0.182389	0.000010	0.000010	0.767068	0.050493	0.000010	0.000010
ME264	Orcs4	Orcs	0.000010	0.211974	0.000010	0.000010	0.746476	0.041500	0.000010	0.000010
ME293	Orcs1	Orcs	0.165113	0.212383	0.021894	0.006350	0.566497	0.018768	0.008986	0.000010
ME331	Hobbits2	Hobbits	0.000010	0.000010	0.764123	0.000010	0.000010	0.235817	0.000010	0.000010
ME164	Hobbits1	Hobbits	0.066451	0.000439	0.610196	0.000010	0.000010	0.266270	0.009728	0.046896
ME123	Orcs2	Orcs	0.303656	0.008015	0.000062	0.000010	0.644677	0.000010	0.015869	0.027701
ME135	Orcs2	Orcs	0.094554	0.153914	0.040956	0.010387	0.667586	0.032581	0.000011	0.000010
ME146	Orcs2	Orcs	0.231842	0.082209	0.022210	0.011267	0.629188	0.000010	0.008483	0.014791
ME358	Orcs5	Orcs	0.099289	0.001824	0.037968	0.000010	0.782544	0.000010	0.035445	0.042909
ME369	Orcs5	Orcs	0.086494	0.000010	0.006662	0.000010	0.781878	0.006622	0.068292	0.050033
ME155	Orcs4	Orcs	0.000010	0.231011	0.028569	0.001176	0.724176	0.000010	0.015037	0.000010
ME253	Orcs4	Orcs	0.000010	0.240716	0.000010	0.004470	0.689701	0.027600	0.009990	0.027503
ME275	Orcs1	Orcs	0.160697	0.204197	0.000010	0.000010	0.564687	0.043348	0.027042	0.000010
ME294	Orcs1	Orcs	0.166186	0.177462	0.013827	0.018227	0.598627	0.011754	0.013907	0.000010
ME332	Hobbits2	Hobbits	0.000010	0.000010	0.718762	0.000010	0.000010	0.272292	0.008896	0.000010
ME341	Hobbits4	Hobbits	0.000010	0.000010	0.370606	0.000010	0.000010	0.629334	0.000010	0.000010
ME165	Hobbits1	Hobbits	0.086940	0.015358	0.477497	0.000010	0.011217	0.358313	0.015946	0.034719
ME124	Orcs2	Orcs	0.234038	0.084091	0.005026	0.010425	0.619461	0.046938	0.000010	0.000010
ME136	Orcs2	Orcs	0.201238	0.093956	0.048277	0.000010	0.631266	0.000010	0.025234	0.000010
ME147	Orcs2	Orcs	0.094010	0.118397	0.078904	0.000010	0.655516	0.000010	0.022329	0.030824
ME242	Hobbits3	Hobbits	0.000010	0.000010	0.993692	0.000010	0.000010	0.006248	0.000010	0.000010
ME185	Hobbits3	Hobbits	0.000010	0.000010	0.862157	0.000010	0.000010	0.137783	0.000010	0.000010
ME314	Hobbits3	Hobbits	0.006354	0.000010	0.949801	0.010401	0.033404	0.000010	0.000010	0.000010
ME333	Hobbits2	Hobbits	0.000010	0.000010	0.628727	0.000010	0.000010	0.371213	0.000010	0.000010
ME342	Hobbits6	Hobbits	0.000010	0.000010	0.999930	0.000010	0.000010	0.000010	0.000010	0.000010
ME166	Hobbits1	Hobbits	0.031495	0.000010	0.574239	0.000010	0.000010	0.350897	0.000010	0.043329
ME125	Orcs2	Orcs	0.179576	0.093356	0.034722	0.026069	0.634065	0.000010	0.014189	0.018012
ME137	Orcs2	Orcs	0.185631	0.112544	0.044502	0.008419	0.639525	0.000010	0.000010	0.009359
ME148	Orcs2	Orcs	0.136046	0.129600	0.050424	0.000010	0.680019	0.003161	0.000077	0.000663
ME349	Hobbits6	Hobbits	0.000010	0.000010	0.999930	0.000010	0.000010	0.000010	0.000010	0.000010
ME334	Hobbits4	Hobbits	0.000010	0.000010	0.000010	0.000010	0.000010	0.999930	0.000010	0.000010
ME343	Hobbits6	Hobbits	0.000010	0.000010	0.999930	0.000010	0.000010	0.000010	0.000010	0.000010
ME167	Hobbits1	Hobbits	0.084237	0.000010	0.416354	0.000010	0.000010	0.441563	0.000010	0.057805
ME126	Orcs2	Orcs	0.230103	0.058417	0.027679	0.000010	0.634382	0.000010	0.018782	0.030617
ME138	Orcs2	Orcs	0.139085	0.029644	0.046085	0.000010	0.712106	0.000010	0.019896	0.053163
ME149	Orcs2	Orcs	0.209084	0.095762	0.015655	0.031406	0.613508	0.034565	0.000010	0.000010
ME365	Orcs5	Orcs	0.106816	0.000010	0.005323	0.014311	0.829316	0.031441	0.012771	0.000010
ME248	Orcs4	Orcs	0.000010	0.203577	0.022790	0.013827	0.750122	0.003732	0.005931	0.000010
ME260	Orcs4	Orcs	0.015912	0.201146	0.000010	0.025715	0.718311	0.016500	0.022397	0.000010
ME281	Orcs1	Orcs	0.125969	0.156918	0.062720	0.000010	0.628607	0.000010	0.000010	0.025756
ME288	Orcs3	Orcs	0.149084	0.174303	0.060015	0.040278	0.542513	0.000010	0.033787	0.000010
ME12	Giants2	Giants	0.800382	0.090548	0.057698	0.012176	0.005902	0.021486	0.008232	0.003577
ME335	Hobbits4	Hobbits	0.000010	0.000010	0.000010	0.000010	0.000010	0.999930	0.000010	0.000010
ME344	Hobbits6	Hobbits	0.000010	0.000010	0.931146	0.000010	0.000010	0.068794	0.000010	0.000010
ME127	Orcs2	Orcs	0.133273	0.164231	0.044234	0.018586	0.638758	0.000899	0.000010	0.000010
ME139	Orcs2	Orcs	0.212786	0.026966	0.014297	0.013319	0.649248	0.009768	0.043808	0.029808
ME150	Orcs2	Orcs	0.194368	0.042732	0.045884	0.000010	0.660506	0.000010	0.028229	0.028262
ME132	Orcs2	Orcs	0.176507	0.123194	0.001198	0.019030	0.617285	0.027989	0.034787	0.000010
ME338	Hobbits4	Hobbits	0.000010	0.000010	0.000010	0.000010	0.000010	0.999930	0.000010	0.000010
ME347	Hobbits6	Hobbits	0.000010	0.000010	0.999930	0.000010	0.000010	0.000010	0.000010	0.000010
ME361	Orcs5	Orcs	0.133756	0.036173	0.034436	0.000010	0.749839	0.029754	0.000010	0.016023
ME372	Orcs5	Orcs	0.126066	0.000010	0.034489	0.000010	0.776617	0.000010	0.039605	0.023193
ME158	Orcs4	Orcs	0.000010	0.257294	0.000010	0.021611	0.679596	0.024466	0.017003	0.000010
ME256	Orcs4	Orcs	0.000010	0.241734	0.032298	0.017778	0.690990	0.000010	0.017170	0.000010
ME278	Orcs1	Orcs	0.201253	0.204505	0.000010	0.004494	0.550436	0.033097	0.006196	0.000010
ME284	Orcs3	Orcs	0.183176	0.163982	0.000010	0.008462	0.554570	0.050710	0.039080	0.000010
ME337	Hobbits4	Hobbits	0.000010	0.000010	0.000010	0.000010	0.000010	0.999930	0.000010	0.000010
ME346	Hobbits6	Hobbits	0.000010	0.000010	0.999930	0.000010	0.000010	0.000010	0.000010	0.000010
ME169	Hobbits1	Hobbits	0.072048	0.000010	0.467958	0.000010	0.017977	0.424458	0.000010	0.017528
ME129	Orcs2	Orcs	0.233511	0.057825	0.022325	0.040053	0.595140	0.020425	0.030711	0.000010
ME141	Orcs2	Orcs	0.136445	0.075474	0.011096	0.036554	0.672509	0.035658	0.032255	0.000010
ME353	Orcs5	Orcs	0.112148	0.060919	0.021768	0.028457	0.772674	0.000010	0.004014	0.000010
ME152	Orcs4	Orcs	0.029433	0.191613	0.000010	0.000010	0.696475	0.019864	0.026481	0.036114
ME250	Orcs4	Orcs	0.000010	0.207851	0.003377	0.000010	0.738413	0.000010	0.000010	0.050320
ME262	Orcs4	Orcs	0.008300	0.220167	0.000010	0.000010	0.699078	0.023133	0.015069	0.034233
ME161	Hobbits1	Hobbits	0.068842	0.000010	0.492529	0.000010	0.000010	0.384097	0.007180	0.047323
ME131	Orcs2	Orcs	0.230666	0.019704	0.022351	0.037619	0.660169	0.000010	0.029471	0.000010
ME143	Orcs2	Orcs	0.109710	0.113712	0.007988	0.008615	0.690460	0.042658	0.017452	0.009405
ME355	Orcs5	Orcs	0.117385	0.000010	0.000010	0.005254	0.822851	0.028969	0.025511	0.000010
ME362	Orcs5	Orcs	0.111444	0.000010	0.036775	0.034777	0.790608	0.000010	0.026365	0.000010
ME373	Orcs5	Orcs	0.030519	0.037078	0.059602	0.006756	0.831770	0.000010	0.034254	0.000010
ME159	Orcs4	Orcs	0.005825	0.263086	0.000010	0.011262	0.653928	0.011195	0.028499	0.026196
ME257	Orcs4	Orcs	0.058437	0.177415	0.023614	0.008929	0.688553	0.000010	0.043031	0.000010
ME279	Orcs1	Orcs	0.174206	0.172963	0.000010	0.000010	0.596462	0.036302	0.004920	0.015127
ME285	Orcs3	Orcs	0.215734	0.192544	0.000010	0.000010	0.523525	0.020606	0.026322	0.021250
ME291	Orcs1	Orcs	0.151480	0.166458	0.000010	0.000010	0.630832	0.048639	0.000143	0.002428
ME290	Orcs3	Orcs	0.207823	0.198385	0.043055	0.004008	0.529502	0.000010	0.017207	0.000010
ME363	Orcs5	Orcs	0.094237	0.063757	0.046296	0.008134	0.776022	0.011534	0.000010	0.000010
ME374	Orcs5	Orcs	0.112486	0.000010	0.000010	0.039656	0.782745	0.027005	0.038078	0.000010
ME160	Orcs4	Orcs	0.000010	0.202222	0.000010	0.000010	0.779572	0.018157	0.000010	0.000010
ME258	Orcs4	Orcs	0.000010	0.199832	0.000010	0.000010	0.713925	0.020142	0.040726	0.025345
ME286	Orcs3	Orcs	0.115690	0.250117	0.000010	0.000010	0.579577	0.014633	0.019428	0.020536
ME376	Elves1	Elves	0.000010	0.000010	0.000010	0.931084	0.000010	0.000010	0.000010	0.068856
ME386	Elves1	Elves	0.000010	0.000010	0.000010	0.898554	0.000010	0.000010	0.000010	0.101386
ME364	Orcs5	Orcs	0.079306	0.050419	0.000010	0.025393	0.798056	0.016841	0.029965	0.000010
ME375	Orcs5	Orcs	0.094690	0.077205	0.016708	0.019298	0.784754	0.000010	0.007325	0.000010
ME247	Orcs4	Orcs	0.000010	0.293658	0.000010	0.021764	0.658500	0.026038	0.000010	0.000010
ME259	Orcs4	Orcs	0.000010	0.229402	0.000010	0.000010	0.749671	0.020878	0.000010	0.000010
ME280	Orcs1	Orcs	0.145978	0.146760	0.027369	0.000010	0.616604	0.003429	0.037388	0.022462
ME287	Orcs3	Orcs	0.155790	0.176192	0.000010	0.000010	0.588435	0.030948	0.030610	0.018004
ME366	Orcs5	Orcs	0.110498	0.000010	0.011658	0.000010	0.802744	0.032288	0.042781	0.000010
ME151	Orcs4	Orcs	0.000010	0.272260	0.000010	0.000010	0.651628	0.060862	0.006849	0.008371
ME249	Orcs4	Orcs	0.000010	0.180530	0.000010	0.016830	0.754477	0.011154	0.036978	0.000010
ME261	Orcs4	Orcs	0.000010	0.159564	0.000010	0.009513	0.753125	0.036285	0.041483	0.000010
ME282	Orcs1	Orcs	0.104897	0.189759	0.051418	0.000010	0.635765	0.003411	0.014731	0.000010
ME289	Orcs3	Orcs	0.136494	0.192594	0.007183	0.000010	0.568899	0.051413	0.026046	0.017360
ME384	Elves1	Elves	0.000010	0.023300	0.000010	0.899964	0.000010	0.000010	0.000010	0.076686
ME377	Elves1	Elves	0.002439	0.014154	0.000010	0.907442	0.000010	0.000010	0.000010	0.075925
ME339	Hobbits4	Hobbits	0.000010	0.000010	0.000010	0.000010	0.000010	0.999930	0.000010	0.000010
ME348	Hobbits6	Hobbits	0.000010	0.000010	0.989176	0.000010	0.000010	0.010764	0.000010	0.000010
ME170	Hobbits1	Hobbits	0.101282	0.012147	0.454888	0.000010	0.000010	0.390089	0.000010	0.041564
ME130	Orcs2	Orcs	0.172910	0.054886	0.033804	0.023690	0.659704	0.000010	0.054987	0.000010
ME142	Orcs2	Orcs	0.116231	0.202303	0.033803	0.005307	0.621750	0.000010	0.020585	0.000010
ME354	Orcs5	Orcs	0.058981	0.063413	0.027717	0.000010	0.777056	0.000010	0.038050	0.034763
ME359	Orcs5	Orcs	0.083713	0.064092	0.000010	0.000010	0.759586	0.045725	0.033020	0.013845
ME370	Orcs5	Orcs	0.116902	0.000010	0.018719	0.009370	0.773695	0.000010	0.038152	0.043142
ME156	Orcs4	Orcs	0.003308	0.166266	0.000010	0.000010	0.766593	0.006937	0.020590	0.036287
ME254	Orcs4	Orcs	0.000010	0.272756	0.000010	0.000010	0.688510	0.038684	0.000010	0.000010
ME295	Orcs1	Orcs	0.104219	0.171985	0.013492	0.000010	0.597277	0.031012	0.049892	0.032114
ME277	Orcs1	Orcs	0.139140	0.144108	0.000010	0.000010	0.662409	0.003683	0.016048	0.034591
ME345	Hobbits6	Hobbits	0.000010	0.000010	0.999930	0.000010	0.000010	0.000010	0.000010	0.000010
ME140	Orcs2	Orcs	0.195571	0.065313	0.011090	0.027663	0.648751	0.008548	0.014621	0.028443
ME168	Hobbits1	Hobbits	0.063136	0.016851	0.593682	0.000010	0.000010	0.305681	0.002171	0.018459
ME283	Orcs3	Orcs	0.231427	0.153308	0.000010	0.035765	0.563159	0.016311	0.000010	0.000010
ME128	Orcs2	Orcs	0.267734	0.091823	0.025798	0.007921	0.577510	0.000010	0.029195	0.000010
ME360	Orcs5	Orcs	0.053853	0.066710	0.000010	0.030887	0.818178	0.030343	0.000010	0.000010
ME336	Hobbits4	Hobbits	0.000010	0.000010	0.364628	0.000010	0.000010	0.635312	0.000010	0.000010
ME352	Orcs5	Orcs	0.103465	0.000010	0.028327	0.008433	0.764832	0.000010	0.094912	0.000010
ME255	Orcs4	Orcs	0.000010	0.236675	0.000010	0.016328	0.702232	0.033064	0.011671	0.000010
ME371	Orcs5	Orcs	0.105138	0.117526	0.042514	0.000010	0.733213	0.001173	0.000010	0.000415
ME157	Orcs4	Orcs	0.000010	0.226786	0.000010	0.001306	0.730377	0.026598	0.000436	0.014476
ME243	Hobbits3	Hobbits	0.000010	0.000010	0.999930	0.000010	0.000010	0.000010	0.000010	0.000010
ME699	Half_Elven1	Half_Elven	0.000010	0.000010	0.153259	0.319769	0.000010	0.035817	0.020475	0.470650
ME700	Half_Elven1	Half_Elven	0.018930	0.000010	0.075673	0.399411	0.000010	0.100033	0.000010	0.405924
ME701	Half_Elven1	Half_Elven	0.020999	0.000010	0.078418	0.251100	0.000017	0.070181	0.000010	0.579265
ME702	Half_Elven1	Half_Elven	0.000780	0.018284	0.035338	0.372196	0.000010	0.085652	0.000010	0.487730
ME703	Half_Elven1	Half_Elven	0.009196	0.000010	0.025012	0.284257	0.000010	0.105505	0.000010	0.576001
ME704	Half_Elven1	Half_Elven	0.000010	0.000010	0.018301	0.280264	0.001437	0.103811	0.023329	0.572838
ME705	Half_Elven1	Half_Elven	0.031730	0.000052	0.137439	0.300645	0.000010	0.004568	0.000010	0.525546
ME706	Half_Elven1	Half_Elven	0.000010	0.019714	0.058786	0.334256	0.000010	0.073276	0.024374	0.489574
ME707	Half_Elven1	Half_Elven	0.000010	0.000010	0.030943	0.353158	0.000010	0.094758	0.000010	0.521102
ME708	Half_Elven1	Half_Elven	0.000010	0.000010	0.000010	0.267309	0.000010	0.120592	0.007813	0.604246
ME709	Half_Elven1	Half_Elven	0.000010	0.000010	0.112007	0.270297	0.004042	0.073998	0.000010	0.539626
ME710	Half_Elven1	Half_Elven	0.000010	0.000010	0.045114	0.301393	0.000010	0.074864	0.021270	0.557330
ME711	Half_Elven1	Half_Elven	0.000010	0.000010	0.122900	0.324853	0.000010	0.054010	0.013574	0.484633
ME712	Half_Elven1	Half_Elven	0.000010	0.016610	0.047964	0.360801	0.000010	0.078121	0.015699	0.480785
ME713	Half_Elven1	Half_Elven	0.000010	0.004393	0.089565	0.328386	0.024674	0.066098	0.002772	0.484103
ME714	Half_Elven1	Half_Elven	0.000010	0.031544	0.067329	0.284974	0.000010	0.071202	0.000010	0.544921
ME715	Half_Elven1	Half_Elven	0.000010	0.001545	0.041829	0.320453	0.000010	0.129487	0.000010	0.506655
ME716	Half_Elven1	Half_Elven	0.000010	0.045789	0.060939	0.281021	0.003502	0.032154	0.000292	0.576293
ME717	Half_Elven1	Half_Elven	0.013057	0.000010	0.100816	0.280652	0.000010	0.085464	0.000010	0.519981
ME718	Half_Elven1	Half_Elven	0.052397	0.000010	0.109393	0.192801	0.000010	0.087416	0.040862	0.517110
ME719	Half_Elven1	Half_Elven	0.011336	0.039948	0.197946	0.228470	0.000010	0.008909	0.000010	0.513371
ME720	Half_Elven1	Half_Elven	0.034383	0.000010	0.137089	0.209833	0.000010	0.101159	0.005047	0.512469
ME721	Half_Elven1	Half_Elven	0.006492	0.000010	0.099416	0.235011	0.020824	0.097792	0.000010	0.540445
ME722	Half_Elven1	Half_Elven	0.018877	0.000010	0.080537	0.270811	0.000010	0.070370	0.000010	0.559374
ME723	Half_Elven1	Half_Elven	0.000010	0.000010	0.000010	0.207717	0.000010	0.116935	0.015896	0.659412
ME724	Half_Elven1	Half_Elven	0.001798	0.033806	0.035378	0.179355	0.001877	0.061118	0.000010	0.686658
ME725	Half_Elven1	Half_Elven	0.000010	0.000010	0.009495	0.218255	0.000010	0.106268	0.001211	0.664741
ME726	Half_Elven1	Half_Elven	0.018139	0.005403	0.084621	0.117417	0.000010	0.000010	0.000010	0.774390
ME727	Half_Elven1	Half_Elven	0.000010	0.000010	0.113835	0.149671	0.000010	0.033342	0.000010	0.703113
ME728	Half_Elven1	Half_Elven	0.000010	0.000010	0.000010	0.103514	0.000010	0.094897	0.000010	0.801540
ME729	Half_Elven1	Half_Elven	0.000010	0.000010	0.017814	0.000010	0.000010	0.000010	0.000010	0.982126
ME730	Half_Elven1	Half_Elven	0.000010	0.000010	0.000010	0.000010	0.000010	0.000010	0.000010	0.999930
ME731	Half_Elven1	Half_Elven	0.000010	0.006053	0.066004	0.227277	0.053637	0.072542	0.000010	0.574467
ME732	Half_Elven1	Half_Elven	0.000010	0.000010	0.000010	0.000010	0.000010	0.000010	0.000010	0.999930
ME733	Half_Elven1	Half_Elven	0.000010	0.000010	0.000010	0.000010	0.000010	0.000010	0.000010	0.999930
ME734	Half_Elven1	Half_Elven	0.000010	0.000010	0.030461	0.157130	0.000010	0.047059	0.000010	0.765310
ME735	Half_Elven1	Half_Elven	0.000010	0.000010	0.033890	0.218514	0.000010	0.019501	0.000010	0.728055
ME736	Half_Elven1	Half_Elven	0.000010	0.000010	0.026079	0.089309	0.002774	0.023939	0.000010	0.857870
ME737	Half_Elven1	Half_Elven	0.000010	0.000010	0.000010	0.136912	0.000010	0.092028	0.000010	0.771010
ME738	Half_Elven1	Half_Elven	0.000010	0.000010	0.000010	0.005366	0.000010	0.000010	0.000010	0.994574
ME739	Half_Elven1	Half_Elven	0.000010	0.000010	0.000010	0.000010	0.000010	0.000010	0.000010	0.999930
ME740	Half_Elven1	Half_Elven	0.000010	0.000010	0.048855	0.139098	0.000010	0.042156	0.000010	0.769851
ME741	Half_Elven1	Half_Elven	0.000010	0.013012	0.061258	0.179334	0.000010	0.046464	0.009780	0.690133
ME742	Half_Elven1	Half_Elven	0.013861	0.002846	0.051117	0.255194	0.000010	0.081139	0.000010	0.595823
ME743	Half_Elven1	Half_Elven	0.000010	0.000010	0.081222	0.297160	0.007854	0.043383	0.023893	0.546467
ME744	Half_Elven1	Half_Elven	0.019785	0.001860	0.111839	0.181122	0.004502	0.116466	0.013654	0.550770
ME745	Half_Elven1	Half_Elven	0.019422	0.000010	0.062245	0.228185	0.000010	0.042272	0.013872	0.633983
ME746	Half_Elven1	Half_Elven	0.000010	0.024292	0.000010	0.100782	0.000010	0.121844	0.000010	0.753042
ME747	Half_Elven1	Half_Elven	0.022626	0.013136	0.099335	0.072528	0.000010	0.090473	0.004686	0.697206
ME748	Half_Elven1	Half_Elven	0.006873	0.000010	0.000010	0.134732	0.000010	0.185184	0.000010	0.673171
ME749	Half_Elven1	Half_Elven	0.000010	0.000010	0.032019	0.318762	0.000010	0.078705	0.024638	0.545846
ME750	Half_Elven1	Half_Elven	0.000010	0.012837	0.100485	0.239283	0.000010	0.061006	0.000010	0.586359
ME751	Half_Elven1	Half_Elven	0.000545	0.000010	0.083969	0.303076	0.000010	0.067703	0.000010	0.544676
ME752	Half_Elven1	Half_Elven	0.000010	0.000010	0.021712	0.243953	0.000010	0.076674	0.036636	0.620995
ME753	Half_Elven1	Half_Elven	0.000010	0.000010	0.088658	0.139094	0.024779	0.076578	0.000010	0.670861
ME754	Half_Elven1	Half_Elven	0.003594	0.012331	0.109300	0.235364	0.000010	0.077561	0.000010	0.561829
ME755	Half_Elven1	Half_Elven	0.014075	0.000010	0.069067	0.164017	0.000010	0.135377	0.001570	0.615874
ME756	Half_Elven1	Half_Elven	0.000010	0.000010	0.093485	0.205559	0.000790	0.064279	0.007658	0.628209
ME757	Half_Elven1	Half_Elven	0.003412	0.000010	0.053168	0.211714	0.000010	0.120471	0.004453	0.606762
ME758	Half_Elven1	Half_Elven	0.000010	0.031240	0.000010	0.268763	0.000010	0.161035	0.000010	0.538922
ME759	Half_Elven1	Half_Elven	0.000010	0.000010	0.119993	0.296191	0.008210	0.104541	0.000705	0.470339
ME760	Half_Elven1	Half_Elven	0.000653	0.000010	0.000010	0.172590	0.000010	0.105913	0.000010	0.720804
